{
  "advancedEditorSelectedIdentifier" : "ProjectBrowser",
  "openSceneRelativePaths" : [
    "Scene.usda"
  ],
  "recentIdentifiers" : {
    "26DBAE76-5DD8-47B6-A085-1B4ADA111097" : [

    ]
  },
  "sceneCameraHistory" : {
    "26DBAE76-5DD8-47B6-A085-1B4ADA111097" : [
      {
        "date" : 775639679.82602,
        "title" : "Untitled",
        "transform" : [
          0.83099985,
          -0.00032656666,
          -0.55627257,
          0,
          -0.34515792,
          0.78391683,
          -0.51608187,
          0,
          0.4362398,
          0.62086594,
          0.65132195,
          0,
          3.8205657,
          2.3631737,
          1.9119668,
          1
        ]
      },
      {
        "date" : 775639673.130974,
        "title" : "Untitled",
        "transform" : [
          0.83099985,
          -0.00032656666,
          -0.55627257,
          0,
          -0.34515792,
          0.78391683,
          -0.51608187,
          0,
          0.4362398,
          0.62086594,
          0.65132195,
          0,
          3.504899,
          2.1250246,
          1.7005934,
          1
        ]
      },
      {
        "date" : 775639661.333191,
        "title" : "Untitled",
        "transform" : [
          0.99908185,
          -0.00032657495,
          -0.042842668,
          0,
          -0.010197404,
          0.96942127,
          -0.24519083,
          0,
          0.041612662,
          0.24540257,
          0.96852773,
          0,
          1.6742393,
          0.44564947,
          2.3115697,
          1
        ]
      },
      {
        "date" : 775639653.524068,
        "title" : "Untitled",
        "transform" : [
          0.99908185,
          -0.00032657495,
          -0.042842668,
          0,
          -0.010197404,
          0.96942127,
          -0.24519083,
          0,
          0.041612662,
          0.24540257,
          0.96852773,
          0,
          1.6010039,
          0.013759408,
          0.6070333,
          1
        ]
      },
      {
        "date" : 775639634.430235,
        "title" : "Untitled",
        "transform" : [
          0.99984807,
          3.0635108e-10,
          -0.017432008,
          0,
          -0.008200025,
          0.8824531,
          -0.47032902,
          0,
          0.015382928,
          0.47040048,
          0.882319,
          0,
          1.0255854,
          1.1610261,
          2.0365887,
          1
        ]
      },
      {
        "date" : 775639629.030497,
        "title" : "Untitled",
        "transform" : [
          0.97082144,
          -1.4785013e-07,
          0.23980364,
          0,
          0.107672796,
          0.8935301,
          -0.43590218,
          0,
          -0.21427166,
          0.44900346,
          0.86745805,
          0,
          -1.596703,
          1.1576426,
          2.0620914,
          1
        ]
      },
      {
        "date" : 775639610.49743,
        "title" : "Untitled",
        "transform" : [
          0.96570307,
          -2.9267238e-08,
          0.2596489,
          0,
          0.18666543,
          0.6950986,
          -0.694258,
          0,
          -0.18048155,
          0.7189145,
          0.6712588,
          0,
          -0.47469604,
          1.8082566,
          1.6832944,
          1
        ]
      },
      {
        "date" : 775639568.340884,
        "title" : "Untitled",
        "transform" : [
          0.9657032,
          -2.9267241e-08,
          0.25964892,
          0,
          0.18666543,
          0.6950986,
          -0.694258,
          0,
          -0.18048157,
          0.71891457,
          0.67125887,
          0,
          -0.46677947,
          1.8593285,
          1.7360767,
          1
        ]
      }
    ]
  },
  "sceneViewportBackgroundColors" : {

  }
}