{
  "advancedEditorSelectedIdentifier" : "ProjectBrowser",
  "openSceneRelativePaths" : [
    "Scene.usda",
    "car.usda"
  ],
  "recentIdentifiers" : {
    "26DBAE76-5DD8-47B6-A085-1B4ADA111097" : [

    ]
  },
  "sceneCameraHistory" : {
    "26DBAE76-5DD8-47B6-A085-1B4ADA111097" : [
      {
        "date" : 776865239.574515,
        "title" : "Untitled",
        "transform" : [
          -0.9819816,
          -1.9990188e-07,
          0.18897705,
          0,
          -0.026671013,
          0.98999083,
          -0.13858953,
          0,
          -0.1870855,
          -0.14113262,
          -0.97215265,
          0,
          -0.41172236,
          -0.49944854,
          -2.8257296,
          1
        ]
      },
      {
        "date" : 776053322.855157,
        "title" : "Untitled",
        "transform" : [
          -0.9995452,
          -2.016878e-07,
          0.030158503,
          0,
          0.017330607,
          0.81839484,
          0.57439506,
          0,
          -0.024681674,
          0.5746564,
          -0.81802255,
          0,
          0.05660083,
          1.5882041,
          -2.4244823,
          1
        ]
      },
      {
        "date" : 776053231.637473,
        "title" : "Untitled",
        "transform" : [
          -0.999791,
          1.955538e-10,
          0.020440673,
          0,
          0.011200614,
          0.83650637,
          0.5478427,
          0,
          -0.017098755,
          0.5479572,
          -0.8363316,
          0,
          0.5389756,
          1.2972645,
          -2.1780481,
          1
        ]
      },
      {
        "date" : 776053209.140041,
        "title" : "Untitled",
        "transform" : [
          -0.999791,
          1.1268764e-09,
          0.020440673,
          0,
          0.011200615,
          0.83650637,
          0.5478427,
          0,
          -0.017098755,
          0.5479572,
          -0.8363316,
          0,
          0.5389756,
          1.2972645,
          -2.1780481,
          1
        ]
      },
      {
        "date" : 776053166.278921,
        "title" : "Untitled",
        "transform" : [
          -0.999791,
          1.2742696e-09,
          0.020440675,
          0,
          0.011200616,
          0.83650637,
          0.5478427,
          0,
          -0.017098755,
          0.5479572,
          -0.8363316,
          0,
          0.5389756,
          1.2972645,
          -2.1780481,
          1
        ]
      },
      {
        "date" : 776053159.003105,
        "title" : "Untitled",
        "transform" : [
          -0.999791,
          1.1964207e-09,
          0.020440683,
          0,
          0.01120062,
          0.83650637,
          0.5478427,
          0,
          -0.017098762,
          0.5479572,
          -0.8363316,
          0,
          0.058248576,
          1.445135,
          -2.4170215,
          1
        ]
      },
      {
        "date" : 776053140.999713,
        "title" : "Untitled",
        "transform" : [
          -0.999791,
          -2.2002533e-10,
          0.020440688,
          0,
          0.011200623,
          0.83650637,
          0.5478427,
          0,
          -0.017098768,
          0.5479572,
          -0.8363316,
          0,
          0.53892696,
          1.2981339,
          -2.1792579,
          1
        ]
      },
      {
        "date" : 776052788.401145,
        "title" : "Untitled",
        "transform" : [
          -0.999791,
          -4.2824377e-10,
          0.02044069,
          0,
          0.011200623,
          0.83650637,
          0.5478427,
          0,
          -0.017098768,
          0.5479572,
          -0.8363316,
          0,
          0.06427094,
          1.5261432,
          -2.5039575,
          1
        ]
      },
      {
        "date" : 776051796.925503,
        "title" : "Untitled",
        "transform" : [
          -0.89250904,
          -1.4463172e-09,
          0.45102954,
          0,
          0.021158347,
          0.99889904,
          0.04186869,
          0,
          -0.450533,
          0.046911225,
          -0.89152646,
          0,
          -0.06986308,
          -0.38862926,
          -0.48395416,
          1
        ]
      },
      {
        "date" : 776051783.551489,
        "title" : "Untitled",
        "transform" : [
          -0.70420104,
          -4.9865245e-09,
          0.7100007,
          0,
          0.26196182,
          0.9294453,
          0.25982192,
          0,
          -0.659907,
          0.36895984,
          -0.65451616,
          0,
          -4.579631,
          1.9431655,
          -4.7352247,
          1
        ]
      }
    ],
    "66390EA1-FD25-4E92-8F5D-7A87005667F6" : [
      {
        "date" : 776865246.191038,
        "title" : "Untitled",
        "transform" : [
          0.9978791,
          1.0857168e-09,
          0.06509392,
          0,
          0.04610535,
          0.70592195,
          -0.70678747,
          0,
          -0.04595123,
          0.7082896,
          0.70442474,
          0,
          0.3616135,
          1.1773894,
          1.1263257,
          1
        ]
      },
      {
        "date" : 776865124.16873,
        "title" : "Untitled",
        "transform" : [
          0.87582904,
          -8.189845e-09,
          0.48262164,
          0,
          0.3390047,
          0.7117595,
          -0.6152026,
          0,
          -0.34351048,
          0.7024232,
          0.62337965,
          0,
          -0.55810386,
          1.1412323,
          1.0128092,
          1
        ]
      },
      {
        "date" : 776865077.812722,
        "title" : "Untitled",
        "transform" : [
          1,
          0,
          0,
          0,
          0,
          0.7071069,
          -0.70710677,
          0,
          0,
          0.70710677,
          0.7071069,
          0,
          0,
          1.1488415,
          1.1488414,
          1
        ]
      },
      {
        "date" : 776864830.80141,
        "title" : "Untitled",
        "transform" : [
          1,
          0,
          0,
          0,
          0,
          0.7071069,
          -0.70710677,
          0,
          0,
          0.70710677,
          0.7071069,
          0,
          0,
          1.6016222,
          1.6016219,
          1
        ]
      }
    ],
    "C8069472-BAAC-4DDB-B601-980AE0F7831F" : [
      {
        "date" : 776614015.273188,
        "title" : "Untitled",
        "transform" : [
          -0.9038599,
          -2.9940836e-09,
          0.42782852,
          0,
          -0.056194395,
          0.99133635,
          -0.11872013,
          0,
          -0.42412195,
          -0.13134794,
          -0.8960292,
          0,
          -0.7767761,
          0.34379458,
          -2.6549041,
          1
        ]
      },
      {
        "date" : 776613894.137919,
        "title" : "Untitled",
        "transform" : [
          -0.81724375,
          2.7083047e-09,
          -0.57629216,
          0,
          -0.20501715,
          0.9345803,
          0.29073617,
          0,
          0.53859144,
          0.3557521,
          -0.7637799,
          0,
          3.9992478,
          3.2289698,
          -2.695579,
          1
        ]
      },
      {
        "date" : 776613865.188852,
        "title" : "Untitled",
        "transform" : [
          -0.7671613,
          2.3133702e-09,
          0.6414543,
          0,
          0.04459829,
          0.99758005,
          0.053338308,
          0,
          -0.6399019,
          0.06952684,
          -0.7653048,
          0,
          -1.1481934,
          1.9912461,
          -3.9490955,
          1
        ]
      },
      {
        "date" : 776613844.733607,
        "title" : "Untitled",
        "transform" : [
          -0.28684187,
          1.1894235e-08,
          0.95797795,
          0,
          0.20293869,
          0.9773043,
          0.060764767,
          0,
          -0.93623585,
          0.21184063,
          -0.28033176,
          0,
          -2.4729981,
          0.32230127,
          -0.6038313,
          1
        ]
      },
      {
        "date" : 776613839.410383,
        "title" : "Untitled",
        "transform" : [
          -0.8713015,
          1.8539748e-08,
          -0.49074808,
          0,
          -0.30651867,
          0.780949,
          0.5442103,
          0,
          0.38324925,
          0.6245947,
          -0.680442,
          0,
          3.4646788,
          2.9580183,
          -1.3933609,
          1
        ]
      },
      {
        "date" : 776613744.393095,
        "title" : "Untitled",
        "transform" : [
          0.30886304,
          3.946976e-09,
          -0.9511065,
          0,
          -0.291004,
          0.9520432,
          -0.09450086,
          0,
          0.9054944,
          0.30596364,
          0.294051,
          0,
          3.9195814,
          1.9445282,
          2.1767998,
          1
        ]
      },
      {
        "date" : 776613691.236623,
        "title" : "Untitled",
        "transform" : [
          -0.09699761,
          6.065164e-09,
          -0.9952846,
          0,
          -0.013678524,
          0.9999056,
          0.0013330794,
          0,
          0.9951906,
          0.013743338,
          -0.09698845,
          0,
          4.8376827,
          0.5706548,
          0.39236072,
          1
        ]
      },
      {
        "date" : 776613683.6329,
        "title" : "Untitled",
        "transform" : [
          0.31745774,
          5.964874e-09,
          -0.94827247,
          0,
          0.0219301,
          0.99973255,
          0.007341655,
          0,
          0.94801885,
          -0.023126364,
          0.31737283,
          0,
          4.273654,
          0.3941753,
          2.337365,
          1
        ]
      },
      {
        "date" : 776613624.879443,
        "title" : "Untitled",
        "transform" : [
          -0.07125617,
          5.611159e-09,
          -0.9974581,
          0,
          0.08872815,
          0.9960357,
          -0.0063385307,
          0,
          0.99350387,
          -0.08895426,
          -0.07097368,
          0,
          4.859192,
          0.077374436,
          0.51481545,
          1
        ]
      },
      {
        "date" : 776613620.829242,
        "title" : "Untitled",
        "transform" : [
          -0.07125617,
          5.611159e-09,
          -0.9974581,
          0,
          0.08872815,
          0.9960357,
          -0.0063385307,
          0,
          0.99350387,
          -0.08895426,
          -0.07097368,
          0,
          4.9421926,
          0.077374436,
          1.6766601,
          1
        ]
      }
    ]
  },
  "sceneViewportBackgroundColors" : {

  },
  "selectedSceneRelativePath" : "car.usda"
}