{
  "advancedEditorSelectedIdentifier" : "ProjectBrowser",
  "openSceneRelativePaths" : [
    "Scene.usda",
    "car.usda"
  ],
  "recentIdentifiers" : {
    "26DBAE76-5DD8-47B6-A085-1B4ADA111097" : [

    ],
    "66390EA1-FD25-4E92-8F5D-7A87005667F6" : [

    ]
  },
  "sceneCameraHistory" : {
    "26DBAE76-5DD8-47B6-A085-1B4ADA111097" : [
      {
        "date" : 777290533.249079,
        "title" : "Untitled",
        "transform" : [
          0.99991363,
          1.3442764e-08,
          -0.013145951,
          0,
          -0.010438049,
          0.6078999,
          -0.79394513,
          0,
          0.007991397,
          0.79401374,
          0.60784733,
          0,
          1.1062093,
          3.7432532,
          2.95831,
          1
        ]
      },
      {
        "date" : 777290514.388034,
        "title" : "Untitled",
        "transform" : [
          0.9327114,
          -1.2718397e-07,
          0.3606237,
          0,
          0.23876631,
          0.7494224,
          -0.61754084,
          0,
          -0.27025938,
          0.66209227,
          0.69899493,
          0,
          -1.1463056,
          3.100774,
          3.4570198,
          1
        ]
      },
      {
        "date" : 777290494.505732,
        "title" : "Untitled",
        "transform" : [
          0.8129096,
          -1.2669386e-07,
          -0.58238983,
          0,
          -0.2713644,
          0.884811,
          -0.37877536,
          0,
          0.5153051,
          0.46595007,
          0.71927136,
          0,
          2.630066,
          2.1518884,
          3.3662932,
          1
        ]
      },
      {
        "date" : 777290475.448971,
        "title" : "Untitled",
        "transform" : [
          0.98054165,
          -1.407613e-07,
          -0.19631152,
          0,
          -0.16685572,
          0.5268565,
          -0.83341557,
          0,
          0.10342827,
          0.8499543,
          0.5166046,
          0,
          0.682507,
          4.0174766,
          2.50477,
          1
        ]
      },
      {
        "date" : 777290469.290151,
        "title" : "Untitled",
        "transform" : [
          0.9290185,
          -1.4088053e-07,
          -0.37003344,
          0,
          -0.25113603,
          0.73442954,
          -0.6305109,
          0,
          0.2717637,
          0.67868495,
          0.6822985,
          0,
          2.1384523,
          2.35231,
          1.9876493,
          1
        ]
      },
      {
        "date" : 777290207.301444,
        "title" : "Untitled",
        "transform" : [
          0.91537446,
          -1.426638e-07,
          -0.4026036,
          0,
          -0.29376364,
          0.6838102,
          -0.6679122,
          0,
          0.27530468,
          0.72966,
          0.62594223,
          0,
          2.1365662,
          2.535618,
          1.7500908,
          1
        ]
      },
      {
        "date" : 777290002.876697,
        "title" : "Untitled",
        "transform" : [
          0.9505165,
          -1.6045458e-07,
          -0.31067383,
          0,
          -0.22342889,
          0.6948285,
          -0.68358815,
          0,
          0.21586534,
          0.7191754,
          0.66044605,
          0,
          0.69271225,
          2.4978764,
          2.4042203,
          1
        ]
      },
      {
        "date" : 777289551.891834,
        "title" : "Untitled",
        "transform" : [
          -0.14563422,
          -1.8253003e-07,
          -0.9893384,
          0,
          -0.7762011,
          0.6200455,
          0.11425952,
          0,
          0.6134349,
          0.78456575,
          -0.09030004,
          0,
          3.2671242,
          4.006268,
          -0.34984255,
          1
        ]
      },
      {
        "date" : 777289547.63695,
        "title" : "Untitled",
        "transform" : [
          0.33899412,
          -1.8801065e-07,
          -0.94078845,
          0,
          -0.493477,
          0.85138845,
          -0.17781459,
          0,
          0.8009766,
          0.5245356,
          0.2886155,
          0,
          4.14957,
          2.6383386,
          1.6330689,
          1
        ]
      },
      {
        "date" : 777289464.232408,
        "title" : "Untitled",
        "transform" : [
          0.8552266,
          -1.8792855e-07,
          0.5182543,
          0,
          0.22231215,
          0.9033219,
          -0.3668607,
          0,
          -0.46815032,
          0.4289633,
          0.772545,
          0,
          -2.5558593,
          2.1386056,
          3.967446,
          1
        ]
      }
    ],
    "66390EA1-FD25-4E92-8F5D-7A87005667F6" : [
      {
        "date" : 777277785.526803,
        "title" : "Untitled",
        "transform" : [
          0.99721646,
          3.0168046e-09,
          -0.07456067,
          0,
          -0.052324753,
          0.71239877,
          -0.69982153,
          0,
          0.05311694,
          0.70177495,
          0.7104157,
          0,
          0.6392399,
          1.7265835,
          1.2725601,
          1
        ]
      },
      {
        "date" : 777277647.165963,
        "title" : "Untitled",
        "transform" : [
          0.17438985,
          1.3911747e-09,
          -0.9846767,
          0,
          -0.3347698,
          0.9404329,
          -0.059288956,
          0,
          0.92602235,
          0.33997938,
          0.16400196,
          0,
          1.5361041,
          0.90876704,
          1.6806405,
          1
        ]
      },
      {
        "date" : 777277636.42418,
        "title" : "Untitled",
        "transform" : [
          0.9991529,
          -1.5733308e-08,
          0.04115182,
          0,
          0.023148242,
          0.8267918,
          -0.56203157,
          0,
          -0.034023974,
          0.56250805,
          0.8260914,
          0,
          2.0210865,
          0.34807086,
          0.6658011,
          1
        ]
      },
      {
        "date" : 777277615.35837,
        "title" : "Untitled",
        "transform" : [
          0.9999873,
          -0.00024916284,
          0.0050488235,
          0,
          0.0037589972,
          0.70443946,
          -0.70975405,
          0,
          -0.0033795536,
          0.7097641,
          0.70443135,
          0,
          1.0585184,
          1.7729703,
          1.6465416,
          1
        ]
      },
      {
        "date" : 777277609.798816,
        "title" : "Untitled",
        "transform" : [
          0.6956696,
          -0.00024918883,
          -0.7183619,
          0,
          0.063647255,
          0.99608856,
          0.061291195,
          0,
          0.7155369,
          -0.088360175,
          0.6929644,
          0,
          3.0590034,
          -0.12987804,
          0.30937195,
          1
        ]
      },
      {
        "date" : 777277598.600353,
        "title" : "Untitled",
        "transform" : [
          -0.91737336,
          6.3312307e-09,
          -0.39802793,
          0,
          -0.17869811,
          0.8935525,
          0.4118628,
          0,
          0.35565883,
          0.44895878,
          -0.8197212,
          0,
          2.1214929,
          1.6893209,
          -1.854179,
          1
        ]
      },
      {
        "date" : 777277583.608059,
        "title" : "Untitled",
        "transform" : [
          0.91744226,
          -1.167246e-09,
          0.39786902,
          0,
          0.07351962,
          0.9827792,
          -0.16952816,
          0,
          -0.39101738,
          0.18478346,
          0.90164316,
          0,
          0.2530768,
          0.6623002,
          0.9897706,
          1
        ]
      },
      {
        "date" : 777277578.029799,
        "title" : "Untitled",
        "transform" : [
          0.26494104,
          1.38593205e-05,
          0.9642646,
          0,
          0.17436203,
          0.9835148,
          -0.0479218,
          0,
          -0.94836915,
          0.18082759,
          0.26057103,
          0,
          -3.9065049,
          0.97928494,
          0.06580964,
          1
        ]
      },
      {
        "date" : 777277555.914295,
        "title" : "Untitled",
        "transform" : [
          -0.9377794,
          3.9716594e-09,
          0.3472315,
          0,
          0.043621823,
          0.99207747,
          0.117810875,
          0,
          -0.34448054,
          0.12562749,
          -0.9303499,
          0,
          -1.4562793,
          1.063036,
          -1.8944465,
          1
        ]
      },
      {
        "date" : 777277484.994397,
        "title" : "Untitled",
        "transform" : [
          -0.9996621,
          7.1123996e-11,
          0.025992965,
          0,
          0.0047022374,
          0.9835007,
          0.18084311,
          0,
          -0.025564099,
          0.18090422,
          -0.98316836,
          0,
          -0.44733354,
          0.3265388,
          -0.58192784,
          1
        ]
      }
    ],
    "C8069472-BAAC-4DDB-B601-980AE0F7831F" : [
      {
        "date" : 776614015.273188,
        "title" : "Untitled",
        "transform" : [
          -0.9038599,
          -2.9940836e-09,
          0.42782852,
          0,
          -0.056194395,
          0.99133635,
          -0.11872013,
          0,
          -0.42412195,
          -0.13134794,
          -0.8960292,
          0,
          -0.7767761,
          0.34379458,
          -2.6549041,
          1
        ]
      },
      {
        "date" : 776613894.137919,
        "title" : "Untitled",
        "transform" : [
          -0.81724375,
          2.7083047e-09,
          -0.57629216,
          0,
          -0.20501715,
          0.9345803,
          0.29073617,
          0,
          0.53859144,
          0.3557521,
          -0.7637799,
          0,
          3.9992478,
          3.2289698,
          -2.695579,
          1
        ]
      },
      {
        "date" : 776613865.188852,
        "title" : "Untitled",
        "transform" : [
          -0.7671613,
          2.3133702e-09,
          0.6414543,
          0,
          0.04459829,
          0.99758005,
          0.053338308,
          0,
          -0.6399019,
          0.06952684,
          -0.7653048,
          0,
          -1.1481934,
          1.9912461,
          -3.9490955,
          1
        ]
      },
      {
        "date" : 776613844.733607,
        "title" : "Untitled",
        "transform" : [
          -0.28684187,
          1.1894235e-08,
          0.95797795,
          0,
          0.20293869,
          0.9773043,
          0.060764767,
          0,
          -0.93623585,
          0.21184063,
          -0.28033176,
          0,
          -2.4729981,
          0.32230127,
          -0.6038313,
          1
        ]
      },
      {
        "date" : 776613839.410383,
        "title" : "Untitled",
        "transform" : [
          -0.8713015,
          1.8539748e-08,
          -0.49074808,
          0,
          -0.30651867,
          0.780949,
          0.5442103,
          0,
          0.38324925,
          0.6245947,
          -0.680442,
          0,
          3.4646788,
          2.9580183,
          -1.3933609,
          1
        ]
      },
      {
        "date" : 776613744.393095,
        "title" : "Untitled",
        "transform" : [
          0.30886304,
          3.946976e-09,
          -0.9511065,
          0,
          -0.291004,
          0.9520432,
          -0.09450086,
          0,
          0.9054944,
          0.30596364,
          0.294051,
          0,
          3.9195814,
          1.9445282,
          2.1767998,
          1
        ]
      },
      {
        "date" : 776613691.236623,
        "title" : "Untitled",
        "transform" : [
          -0.09699761,
          6.065164e-09,
          -0.9952846,
          0,
          -0.013678524,
          0.9999056,
          0.0013330794,
          0,
          0.9951906,
          0.013743338,
          -0.09698845,
          0,
          4.8376827,
          0.5706548,
          0.39236072,
          1
        ]
      },
      {
        "date" : 776613683.6329,
        "title" : "Untitled",
        "transform" : [
          0.31745774,
          5.964874e-09,
          -0.94827247,
          0,
          0.0219301,
          0.99973255,
          0.007341655,
          0,
          0.94801885,
          -0.023126364,
          0.31737283,
          0,
          4.273654,
          0.3941753,
          2.337365,
          1
        ]
      },
      {
        "date" : 776613624.879443,
        "title" : "Untitled",
        "transform" : [
          -0.07125617,
          5.611159e-09,
          -0.9974581,
          0,
          0.08872815,
          0.9960357,
          -0.0063385307,
          0,
          0.99350387,
          -0.08895426,
          -0.07097368,
          0,
          4.859192,
          0.077374436,
          0.51481545,
          1
        ]
      },
      {
        "date" : 776613620.829242,
        "title" : "Untitled",
        "transform" : [
          -0.07125617,
          5.611159e-09,
          -0.9974581,
          0,
          0.08872815,
          0.9960357,
          -0.0063385307,
          0,
          0.99350387,
          -0.08895426,
          -0.07097368,
          0,
          4.9421926,
          0.077374436,
          1.6766601,
          1
        ]
      }
    ]
  },
  "sceneViewportBackgroundColors" : {

  },
  "selectedSceneRelativePath" : "Scene.usda"
}